# voxel file "tree"
# width 7 voxels
# depth 7 voxels
# height 12 voxels

# XYZRGBA:
#===============
3 0 2 100 78 55 255
0 7 2 153 192 0 95
1 7 2 62 81 27 255
1 8 2 153 192 0 95
2 6 2 52 172 0 100
2 7 1 153 192 0 95
2 7 2 62 81 27 255
2 8 1 153 192 0 95
2 8 2 62 81 27 255
2 9 1 116 131 30 175
2 9 2 153 192 0 95
3 6 2 52 172 0 100
3 7 0 153 192 0 95
3 7 1 62 81 27 255
3 7 2 62 81 27 255
3 8 0 52 172 0 100
3 8 1 62 81 27 255
3 8 2 62 81 27 255
3 9 1 153 192 0 95
3 9 2 62 81 27 255
4 7 0 52 172 0 100
4 7 1 52 172 0 100
4 7 2 62 81 27 255
4 8 1 116 131 30 175
4 8 2 62 81 27 255
4 9 2 153 192 0 95
5 7 2 153 192 0 95
5 8 2 52 172 0 100
5 9 2 52 172 0 100
3 10 2 153 192 0 95
2 0 3 100 78 55 255
3 0 3 100 78 55 255
3 0 4 100 78 55 255
3 1 3 147 123 60 255
4 0 3 100 78 55 255
0 7 3 116 131 30 175
0 8 3 52 172 0 100
1 7 3 62 81 27 255
1 7 4 153 192 0 95
1 8 3 62 81 27 255
1 8 4 116 131 30 175
1 9 3 153 192 0 95
1 9 4 52 172 0 100
2 5 3 116 131 30 175
3 2 3 147 123 60 255
3 3 3 147 123 60 255
3 4 3 147 123 60 255
3 5 3 147 123 60 255
4 5 3 52 172 0 100
2 6 3 52 172 0 100
2 7 3 62 81 27 255
2 7 4 62 81 27 255
2 7 5 52 172 0 100
2 7 6 116 131 30 175
2 8 3 62 81 27 255
2 8 4 62 81 27 255
2 8 5 116 131 30 175
2 9 3 62 81 27 255
2 9 4 153 192 0 95
3 6 3 62 81 27 255
3 6 4 116 131 30 175
3 7 3 62 81 27 255
3 7 4 62 81 27 255
3 7 5 62 81 27 255
3 7 6 153 192 0 95
3 8 3 62 81 27 255
3 8 4 62 81 27 255
3 8 5 62 81 27 255
3 8 6 52 172 0 100
3 9 3 62 81 27 255
3 9 4 62 81 27 255
3 9 5 153 192 0 95
4 6 3 52 172 0 100
4 6 4 116 131 30 175
4 7 3 62 81 27 255
4 7 4 62 81 27 255
4 7 5 52 172 0 100
4 8 3 62 81 27 255
4 8 4 62 81 27 255
4 8 5 153 192 0 95
4 9 3 62 81 27 255
4 9 4 52 172 0 100
4 9 5 52 172 0 100
5 7 3 62 81 27 255
5 7 4 116 131 30 175
5 8 3 62 81 27 255
5 8 4 116 131 30 175
5 9 3 116 131 30 175
6 7 3 153 192 0 95
6 7 4 52 172 0 100
6 8 3 52 172 0 100
2 10 3 52 172 0 100
3 10 3 62 81 27 255
3 10 4 153 192 0 95
3 11 3 153 192 0 95
4 10 3 116 131 30 175
